9
97
31
88
29
100
65
32
11
98
45
14
116
77
32
70
78
60
77
103
78
16
125
42
112
44
22
57
53
54
90
105
31
16
81
44
125
18
86
90
63
20
54
59
106
54
117
46
3
41
126
69
8
49
16
35
2
99
79
34
34
112
72
112
40
119
97
100
126
4
123
50
46
60
52
28
63
126
69
3
69
66
2
122
98
34
39
77
53
90
112
93
15
103
37
60
116
114
68
37
119
81
8
61
12
124
31
3
112
44
83
3
68
89
93
38
121
55
10
71
5
108
77
123
92
25
13
95
82
67
101
123
96
12
53
33
43
45
17
116
85
102
14
85
60
70
89
60
35
90
12
30
22
25
120
48
17
119
97
89
75
114
13
0
116
56
25
62
28
95
67
62
95
69
35
46
106
101
90
108
13
71
64
76
43
92
100
19
78
95
107
65
121
53
125
59
26
110
120
3
115
79
50
34
127
112
106
65
88
69
76
16
125
91
98
103
9
44
22
79
89
75
8
20
18
127
76
102
23
29
114
25
76
15
92
57
77
47
95
27
99
34
111
16
103
24
22
123
4
94
110
16
48
37
98
39
103
34
99
93
21
65
38
1
20
109
21
25
19
51
16
15
104
97
72
0
15
121
10
88
65
95
89
31
6
7
114
81
58
45
79
9
107
82
124
59
71
18
19
19
0
73
126
92
75
105
12
89
102
59
70
59
90
73
60
65
58
78
41
64
125
55
32
62
105
90
91
96
95
76
29
80
120
26
117
36
93
10
28
17
2
7
97
73
92
70
77
64
2
83
100
111
64
123
42
18
121
23
46
38
97
37
77
9
12
54
53
126
115
77
66
88
105
43
15
97
7
3
68
89
101
119
21
68
92
70
50
66
79
83
45
52
31
107
124
35
77
81
122
80
34
113
120
10
127
14
34
54
11
23
79
53
27
59
42
104
65
75
66
42
28
20
19
53
120
67
31
37
69
66
54
48
110
19
84
14
114
51
71
85
32
114
107
108
96
16
12
105
89
90
127
13
122
60
36
7
92
110
41
119
55
91
122
125
54
102
88
48
95
55
7
89
26
19
85
123
56
93
113
118
103
40
99
100
49
50
87
24
61
94
78
107
35
103
127
119
13
43
90
34
49
94
84
97
121
93
98
103
83
100
113
70
47
122
15
103
115
61
120
28
78
103
77
79
110
52
125
82
109
58
25
104
5
18
46
72
67
127
36
81
52
95
59
110
60
25
127
64
53
115
100
37
53
104
114
122
71
72
46
7
69
6
117
90
10
49
117
75
45
39
116
17
95
67
86
78
113
79
35
99
63
52
15
108
39
41
18
36
60
66
80
33
45
56
11
22
5
57
7
57
101
1
35
33
115
100
66
89
92
87
117
44
84
76
50
22
104
70
65
90
29
62
39
51
64
86
49
10
45
13
105
100
17
40
34
1
79
64
50
77
37
8
87
118
37
55
54
58
10
0
74
54
108
107
45
94
116
58
125
69
110
40
63
83
2
26
27
6
105
122
100
99
14
48
59
57
16
42
101
74
21
126
87
106
11
2
108
73
2
102
103
74
108
85
65
0
82
74
51
22
39
31
41
94
115
71
51
47
72
42
82
33
81
48
114
23
6
83
116
51
48
92
50
33
65
34
35
66
49
122
22
123
93
85
6
16
47
60
122
0
33
87
54
41
93
106
3
11
96
66
68
29
57
19
52
38
111
118
36
122
112
95
60
22
57
36
8
65
86
37
22
8
27
12
124
106
80
115
90
57
100
3
33
74
106
45
41
94
12
112
14
66
90
26
38
113
73
80
52
51
62
65
35
94
104
66
80
116
74
24
95
5
122
89
102
89
85
60
28
110
2
62
47
102
8
101
27
89
118
104
50
78
68
19
36
29
95
106
27
86
40
89
22
5
69
10
93
39
40
111
27
29
105
10
11
87
91
127
96
120
120
82
66
18
72
17
5
81
50
6
120
26
18
101
110
121
28
24
36
36
73
37
28
94
75
87
97
99
58
63
126
119
80
58
106
94
10
3
109
43
56
75
121
71
81
64
14
9
36
37
117
0
50
126
114
12
124
119
112
29
96
40
108
36
91
61
8
80
14
94
100
10
32
31
34
65
81
26
60
64
20
83
28
58
9
10
109
23
42
96
97
71
61
116
83
18
115
97
118
124
73
44
45
115
15
123
114
117
0
36
71
117
116
34
56
110
58
3
94
108
35
120
23
62
81
108
2
127
52
13
105
59
106
81
30
121
70
84
55
124
27
33
42
36
13
6
119
54
68
39
20
38
95
109
2
120
81
45
58
99
95
54
13
45
